0.0000000 0.0000000 0.0000000 0.0000000 0.0000000
0.0808081 0.8430692 0.1058427 0.0280047 0.0116171
0.1616162 1.0633011 0.2790203 0.1502332 0.0504872
0.2424242 1.9479185 0.3087777 0.2853133 0.0718340
0.3232323 1.6519894 0.2812822 0.6050351 0.1251645
0.4040404 1.4985521 0.5872126 0.7242928 0.2230196
0.4848485 1.7262722 0.5704407 0.6484741 0.1592329
0.5656566 2.2679660 0.3638671 0.9131263 0.1399068
0.6464646 2.6049250 0.7418395 0.7566462 0.1553621
0.7272727 2.0105817 0.5431586 1.2240855 0.1794152
0.8080808 2.3167755 0.7765315 1.3882897 0.1884755
0.8888889 2.5362056 0.4280979 1.4074901 0.1924899
0.9696970 1.0953031 0.6840379 1.4579508 0.1897333
1.0505051 2.0933614 0.4433163 1.1456274 0.2276028
1.1313131 2.9287399 0.6183552 1.3240039 0.2247333
1.2121212 2.4417595 0.6753766 1.4175162 0.1295614
1.2929293 1.9680467 0.5488761 1.2912018 0.1677866
1.3737374 2.9133991 0.7953168 1.2287203 0.2651746
1.4545455 2.7908074 0.6356736 0.5209423 0.2445678
1.5353535 2.2822280 0.5518971 0.8945777 0.2155845
1.6161616 2.0663225 0.4360455 1.0506680 0.2418259
1.6969697 2.3438622 0.8371691 1.1760746 0.1726469
1.7777778 2.7667513 0.6655338 0.9606319 0.2031392
1.8585859 2.0731831 0.5835771 0.7642318 0.2491181
1.9393939 1.6372121 0.6604220 1.2248183 0.2573568
