0.0000000 0.0000000 0.0000000 0.0000000 0.0000000
0.0202020 0.1920254 0.0089307 0.0006061 0.0002883
0.0404040 0.3653746 0.0313858 0.0042870 0.0019417
0.0606061 0.5218888 0.0622658 0.0128207 0.0055363
0.0808081 0.6632528 0.0979368 0.0269848 0.0111233
0.1010101 0.7910078 0.1358366 0.0468941 0.0184755
0.1212121 0.9065591 0.1741880 0.0722405 0.0272396
0.1414141 1.0111826 0.2117887 0.1024632 0.0370271
0.1616162 1.1060306 0.2478552 0.1368672 0.0474667
0.1818182 1.1921392 0.2819079 0.1747050 0.0582305
0.2020202 1.2704358 0.3136852 0.2152312 0.0690449
0.2222222 1.3417476 0.3430789 0.2577378 0.0796924
0.2424242 1.4068097 0.3700873 0.3015750 0.0900085
0.2626263 1.4662742 0.3947799 0.3461625 0.0998745
0.2828283 1.5207185 0.4172717 0.3909938 0.1092114
0.3030303 1.5706532 0.4377044 0.4356361 0.1179721
0.3232323 1.6165297 0.4562332 0.4797269 0.1261348
0.3434343 1.6587470 0.4730166 0.5229691 0.1336971
0.3636364 1.6976581 0.4882115 0.5651240 0.1406712
0.3838384 1.7335753 0.5019681 0.6060058 0.1470793
0.4040404 1.7667756 0.5144273 0.6454743 0.1529506
0.4242424 1.7975051 0.5257199 0.6834289 0.1583184
0.4444444 1.8259825 0.5359651 0.7198027 0.1632182
0.4646465 1.8524028 0.5452716 0.7545572 0.1676861
0.4848485 1.8769404 0.5537370 0.7876772 0.1717578
0.5050505 1.8997513 0.5614489 0.8191668 0.1754677
0.5252525 1.9209759 0.5684855 0.8490458 0.1788483
0.5454545 1.9407401 0.5749166 0.8773461 0.1819302
0.5656566 1.9591581 0.5808039 0.9041092 0.1847415
0.5858586 1.9763328 0.5862024 0.9293838 0.1873082
0.6060606 1.9923578 0.5911608 0.9532236 0.1896538
0.6262626 2.0073183 0.5957221 0.9756862 0.1917998
0.6464646 2.0212916 0.5999246 0.9968315 0.1937656
0.6666667 2.0343487 0.6038023 1.0167205 0.1955685
0.6868687 2.0465543 0.6073852 1.0354145 0.1972244
0.7070707 2.0579681 0.6107000 1.0529743 0.1987471
0.7272727 2.0686446 0.6137706 1.0694598 0.2001493
0.7474747 2.0786343 0.6166183 1.0849293 0.2014421
0.7676768 2.0879837 0.6192621 1.0994395 0.2026357
0.7878788 2.0967358 0.6217190 1.1130452 0.2037389
0.8080808 2.1049302 0.6240042 1.1257988 0.2047598
0.8282828 2.1126038 0.6261315 1.1377506 0.2057057
0.8484848 2.1197908 0.6281133 1.1489486 0.2065829
0.8686869 2.1265230 0.6299609 1.1594383 0.2073973
0.8888889 2.1328298 0.6316844 1.1692629 0.2081540
0.9090909 2.1387389 0.6332931 1.1784633 0.2088577
0.9292929 2.1442758 0.6347954 1.1870783 0.2095128
0.9494949 2.1494643 0.6361990 1.1951445 0.2101229
0.9696970 2.1543267 0.6375110 1.2026963 0.2106917
0.9898990 2.1588837 0.6387377 1.2097662 0.2112221
1.0101010 2.1631547 0.6398850 1.2163848 0.2117171
1.0303030 2.1671578 0.6409585 1.2225806 0.2121792
1.0505051 2.1709099 0.6419631 1.2283807 0.2126109
1.0707071 2.1744270 0.6429034 1.2338101 0.2130143
1.0909091 2.1777238 0.6437839 1.2388927 0.2133914
1.1111111 2.1808142 0.6446083 1.2436506 0.2137441
1.1313131 2.1837111 0.6453805 1.2481047 0.2140740
1.1515152 2.1864267 0.6461038 1.2522743 0.2143827
1.1717172 2.1889724 0.6467814 1.2561778 0.2146716
1.1919192 2.1913588 0.6474163 1.2598323 0.2149420
1.2121212 2.1935959 0.6480112 1.2632537 0.2151952
1.2323232 2.1956930 0.6485686 1.2664570 0.2154323
1.2525253 2.1976589 0.6490910 1.2694562 0.2156544
1.2727273 2.1995018 0.6495806 1.2722643 0.2158624
1.2929293 2.2012294 0.6500394 1.2748936 0.2160573
1.3131313 2.2028489 0.6504695 1.2773557 0.2162399
1.3333333 2.2043671 0.6508727 1.2796611 0.2164110
1.3535354 2.2057904 0.6512506 1.2818201 0.2165713
1.3737374 2.2071247 0.6516049 1.2838419 0.2167216
1.3939394 2.2083754 0.6519370 1.2857354 0.2168624
1.4141414 2.2095480 0.6522484 1.2875088 0.2169944
1.4343434 2.2106472 0.6525402 1.2891696 0.2171181
1.4545455 2.2116776 0.6528139 1.2907252 0.2172341
1.4747475 2.2126435 0.6530704 1.2921823 0.2173428
1.4949495 2.2135490 0.6533109 1.2935470 0.2174447
1.5151515 2.2143978 0.6535363 1.2948254 0.2175403
1.5353535 2.2151934 0.6537477 1.2960229 0.2176298
1.5555556 2.2159392 0.6539458 1.2971446 0.2177138
1.5757576 2.2166384 0.6541315 1.2981955 0.2177924
1.5959596 2.2172937 0.6543056 1.2991798 0.2178662
1.6161616 2.2179081 0.6544689 1.3001020 0.2179354
1.6363636 2.2184839 0.6546219 1.3009660 0.2180002
1.6565657 2.2190237 0.6547653 1.3017754 0.2180610
1.6767677 2.2195297 0.6548998 1.3025337 0.2181179
1.6969697 2.2200040 0.6550259 1.3032442 0.2181713
1.7171717 2.2204486 0.6551441 1.3039099 0.2182214
1.7373737 2.2208654 0.6552549 1.3045336 0.2182684
1.7575758 2.2212560 0.6553588 1.3051180 0.2183124
1.7777778 2.2216222 0.6554561 1.3056656 0.2183536
1.7979798 2.2219654 0.6555474 1.3061787 0.2183923
1.8181818 2.2222871 0.6556330 1.3066594 0.2184285
1.8383838 2.2225886 0.6557132 1.3071098 0.2184625
1.8585859 2.2228712 0.6557883 1.3075318 0.2184943
1.8787879 2.2231361 0.6558588 1.3079273 0.2185242
1.8989899 2.2233844 0.6559248 1.3082978 0.2185522
1.9191919 2.2236170 0.6559867 1.3086450 0.2185784
1.9393939 2.2238351 0.6560447 1.3089703 0.2186030
1.9595960 2.2240395 0.6560991 1.3092752 0.2186260
1.9797980 2.2242311 0.6561501 1.3095609 0.2186476
2.0000000 2.2244107 0.6561979 1.3098285 0.2186679
